image: office_map_new.pgm
resolution: 0.050000
origin: [-7.624822, -4.643118, 0.000000]
negate: 0
occupied_thresh: 0.65
free_thresh: 0.196

