image: office_map.pgm
resolution: 0.050000
origin: [-9.423815, -10.922707, 0.000000]
negate: 0
occupied_thresh: 0.65
free_thresh: 0.196

